539
1 0 942
1 0 303
1 1 15
0 1 485
1 1 188
1 1 644
1 1 794
1 1 178
1 0 472
1 1 426
1 1 1000
1 1 969
1 1 830
1 0 492
0 1 562
0 0 998
1 1 425
1 1 76
1 1 311
1 1 35
0 1 155
1 0 977
1 0 996
1 1 331
0 0 852
1 1 838
0 0 596
1 1 356
1 0 473
0 1 635
0 0 809
1 0 985
1 0 167
0 1 348
1 0 384
0 0 741
0 1 57
0 1 492
1 1 942
1 1 743
1 1 248
0 1 895
1 0 689
1 0 44
0 1 322
0 1 560
1 1 5
1 0 557
1 0 488
0 1 316
1 1 412
0 1 488
1 0 697
0 0 109
0 1 704
0 1 652
0 0 803
0 1 285
1 0 162
0 0 327
0 1 861
0 0 210
1 1 509
0 1 184
1 0 473
1 1 33
0 0 107
1 1 544
0 0 505
1 1 470
0 1 822
0 0 232
0 1 458
0 1 192
1 1 77
0 1 200
1 0 240
0 0 503
0 0 646
1 0 423
1 1 33
0 0 854
0 1 858
0 0 436
1 0 551
0 0 252
0 1 94
1 0 412
0 0 127
1 1 235
1 1 966
0 1 197
0 1 210
0 1 808
1 0 902
0 0 750
0 1 951
0 0 182
1 1 379
1 0 282
1 1 244
0 0 488
0 1 526
1 1 309
0 0 243
1 1 345
1 0 973
0 0 493
1 0 55
1 0 326
1 0 190
0 0 451
1 0 402
0 1 898
1 1 742
0 0 541
0 1 901
1 0 400
0 0 664
1 0 722
0 0 611
1 1 400
1 1 4
0 0 729
1 1 932
0 1 395
0 1 769
1 0 485
1 1 35
1 1 64
1 0 754
1 0 849
0 0 325
1 0 502
0 1 944
0 0 105
1 0 714
0 0 854
1 1 613
0 1 451
0 0 710
0 0 767
0 1 197
0 0 189
1 0 428
1 0 149
1 1 139
0 1 569
1 1 414
0 0 699
0 1 309
1 1 847
1 0 511
0 0 158
0 1 106
1 0 723
0 1 30
0 0 537
0 1 264
0 1 943
1 0 274
1 1 628
1 0 708
0 0 459
1 1 958
0 1 610
1 1 119
1 1 246
1 0 543
0 0 519
0 0 652
1 0 331
1 1 966
1 0 50
0 0 541
0 0 438
1 1 622
1 1 598
1 0 323
0 0 783
0 0 236
1 1 459
0 0 590
0 1 253
0 0 80
1 0 268
1 1 73
0 1 400
0 1 430
0 1 976
0 1 637
1 0 507
0 1 325
0 0 793
1 1 787
0 0 269
0 0 394
0 0 43
0 0 793
0 1 669
1 0 551
1 1 441
1 0 692
1 0 150
1 1 666
0 1 507
0 0 250
0 0 194
0 0 463
1 1 719
0 0 956
0 1 191
0 1 978
1 1 925
1 0 284
0 0 245
0 1 12
0 1 494
0 1 738
0 1 490
0 0 383
1 0 199
0 1 808
1 1 702
1 1 318
0 1 509
1 0 247
1 0 382
1 0 985
1 0 723
1 0 243
0 1 819
1 0 980
1 1 62
1 0 919
1 1 944
1 1 157
0 1 464
0 0 270
0 0 215
1 1 257
0 0 766
0 1 981
0 0 231
0 1 367
0 1 84
1 1 793
0 0 374
1 1 199
0 0 719
0 0 249
0 0 345
1 0 67
0 1 725
1 1 94
0 0 97
1 0 774
1 1 405
0 1 429
0 0 969
0 0 653
0 0 337
0 0 782
1 0 12
1 0 119
0 0 368
0 0 253
0 0 637
0 1 321
0 1 882
0 1 498
1 0 802
0 0 128
1 0 759
0 1 190
0 0 144
1 1 766
1 0 43
0 0 646
1 0 512
0 1 483
0 0 688
1 0 810
1 1 945
1 1 588
0 0 192
0 1 184
0 1 74
0 0 528
1 1 668
1 0 774
0 1 741
0 0 125
1 1 686
0 0 906
1 1 189
1 0 350
1 1 159
1 0 668
1 1 431
0 1 596
1 0 496
0 0 439
1 0 574
0 1 128
1 0 177
0 1 980
0 1 569
1 1 314
0 0 782
1 0 900
1 0 312
1 1 360
1 0 720
0 1 29
0 0 240
0 1 810
0 0 352
0 1 260
0 1 251
1 0 655
0 1 362
0 1 437
1 0 699
0 0 652
0 1 150
1 1 482
0 1 456
0 1 435
1 1 410
0 1 709
0 1 835
1 0 649
0 0 256
1 0 198
1 1 847
1 0 405
1 0 20
1 1 990
0 0 747
0 0 536
1 0 166
0 0 696
1 0 653
1 1 369
1 0 699
0 0 365
1 1 634
1 0 851
0 0 13
0 1 152
0 1 392
1 1 979
1 1 834
1 1 383
0 1 535
1 1 138
0 1 275
1 0 730
0 0 26
1 1 361
0 1 890
0 1 542
1 1 169
1 1 424
0 1 519
0 0 239
1 1 479
1 0 146
0 0 380
0 1 763
0 1 233
0 0 910
0 1 313
1 1 817
0 0 142
0 1 933
0 0 152
1 1 544
0 0 869
1 1 773
0 1 126
1 1 250
0 0 181
0 1 402
1 0 446
0 0 694
0 1 199
1 1 978
1 1 188
1 1 620
0 1 186
0 1 526
0 0 677
1 1 358
0 1 989
0 0 929
1 0 478
0 1 863
1 0 496
0 1 229
0 1 285
1 1 122
0 1 925
0 1 264
0 1 16
0 0 40
0 1 388
0 1 722
0 1 742
0 0 788
1 0 293
1 1 215
1 0 309
0 0 541
1 0 247
0 0 237
1 0 829
0 1 104
0 1 947
1 0 860
0 0 826
0 1 554
1 1 929
1 0 69
1 0 624
1 1 679
1 1 389
1 0 101
0 1 341
1 1 572
1 0 871
0 1 417
1 0 160
1 0 521
0 0 814
1 0 185
1 1 70
1 1 168
1 1 82
0 0 738
1 0 853
1 0 522
1 1 921
1 0 986
0 0 539
0 1 459
0 0 334
0 0 399
1 1 592
1 1 983
0 1 333
0 0 517
1 1 710
0 0 363
1 1 9
0 0 759
1 1 753
0 0 388
1 0 907
1 0 838
1 1 711
0 1 611
1 1 717
0 0 604
1 0 486
1 1 995
1 0 851
0 1 614
0 1 90
0 1 219
1 0 733
0 1 512
1 1 954
0 0 59
0 1 739
1 1 171
1 1 869
1 1 5
0 1 444
0 0 615
0 1 487
1 1 981
1 0 1
1 1 880
0 1 937
1 0 210
1 0 830
0 1 13
0 0 785
1 0 186
0 0 49
0 0 720
0 0 88
1 1 257
1 0 784
1 0 44
0 0 509
1 0 82
1 0 770
0 1 773
1 0 861
0 1 516
1 0 676
1 0 361
0 0 345
0 0 863
1 0 240
1 1 9
1 1 107
1 0 361
1 1 164
1 0 79
0 1 457
0 0 192
1 1 505
0 1 449
1 0 124
0 1 900
0 0 163
1 0 902
0 1 616
0 0 375
0 1 605
0 0 922
1 1 580
0 0 710
0 0 617
0 0 872
0 1 552
1 1 871
0 0 725
1 1 584
0 1 162
0 1 279
0 1 76
1 1 331
1 0 197
1 0 95
